27481
17013
24751
27498
27486
30984
17293
28329
27459
27482
19248
24755
17851
27323
34443
29115
26153
17949
26548
32971
31890
26556
25000
24980
28040
17517
33422
28673
27321
32776
17535
31330
28062
26050
28903
27502
32737
26616
28851
32834
25091
32353
30126
32564
32595
29290
29450
29787
33651
30108
28920
17668
24841
16873
16842
27354
27342
24912
30028
27707
33531
16372
28908
27757
17270
24659
17320
31228
32432
25054
28621
26969
33491
29964
29604
24957
33494
32533
31834
16519
28954
28955
33791
33900
28663
16117
30034
30850
27698
16418
28201
26572
17704
16981
27454
24237
28425
28007
17490
17658
17622
30116
30807
31754
32575
31071
24521
27013
16313
33867
28146
31496
31828
30676
24430
24313
24657
34584
24257
26889
24743
30475
32661
15911
28469
24397
27643
17147
29810
32330
33886
26669
24936
32060
33682
30635
23998
23974
19240
33846
27471
24576
33762
26093
34685
33928
34576
34883
24092
33996
33702
22127
34491
32447
33216
27143
31964
32969
32296
27420
33066
26177
34665
32256
33186
26720
31583
27830
32144
33484
29800
33498
26506
25016
34726
31843
31146
24770
16753
27266
28628
16079
26111
30410
34170
34773
32524
26508
31706
27687
29809
31888
33036
34754
26696
33182
32936
32446
30092
33724
16826
28991
33836
32584
33808
27442
25134
27264
27166
31990
32276
32568
32350
31582
33728
26047
32675
30489
26336
31459
16176
16158
26046
28637
31078
25166
27377
31413
28483
33948
34669
28546
31658
32996
26567
26968
31444
27615
27614
17049
27627
27527
29654
32688
32151
26157
33687
16843
30928
24878
33269
24591
24740
31027
28860
16839
27181
16618
33552
20201
31553
31174
32556
33896
33174
31044
29871
30351
24586
31614
32754
30144
30110
30005
17065
27546
27534
24243
27298
17884
31819
31846
33257
24818
32992
24606
30320
16295
32750
24055
32546
34387
24793
30576
34658
33338
24300
16617
30352
23813
25156
27518
17039
17038
27517
24635
30342
27140
16840
28963
30274
27038
30656
27679
27099
27086
27364
31765
16734
34276
32968
32324
29830
32380
30341
33046
26436
27926
28174
29501
27299
17843
32002
31891
33125
32124
27709
34556
33684
32788
31101
32705
32064
29504
24733
15872
32801
33850
22083
31782
22086
33245
31120
34622
34132
24707
19229
23847
34799
24314
25136
25150
28868
16549
32438
29821
33910
28053
31806
22161
29145
26028
27144
16577
33558
28327
23906
16278
30383
26917
30407
29794
24684
31650
24982
29196
31608
26664
19318
17090
34518
19322
25231
26893
16252
24008
26651
31476
31038
30960
31817
30296
26514
26479
26478
24277
32574
29917
31532
32843
31064
31784
22088
25157
34412
31809
29180
31591
25194
34508
26925
32540
16286
28695
16918
29934
32789
28983
30120
30494
27051
16466
34820
24639
31229
24952
34626
31437
30441
32627
32396
25017
30100
25247
22137
31798
31397
17687
30648
34210
32315
19290
32508
30685
27461
33523
32209
25155
17328
20200
28598
26494
25020
28898
33450
32301
26966
32039
29362
31655
31596
26499
27391
32309
24975
24973
16665
34550
24493
30574
24553
33388
31646
31948
17539
27011
31760
31198
32300
34004
33027
33872
33854
24200
30194
16844
28765
31250
29765
30213
31955
31775
24903
32993
33524
33786
24339
26668
32026
27320
31876
31694
31222
32390
33536
32424
33454
32225
32108
32567
31837
25106
25043
32582
20211
34191
31161
32649
29629
28521
31701
26527
33339
24977
27048
29968
24287
24509
31240
24634
33982
22150
32038
33790
30166
24414
26957
31588
33054
31662
30845
31127
31488
32738
24658
30324
31274
28012
31758
31617
34184
24972
32234
32016
33884
24862
32022
34270
34698
25046
32962
31882
32854
31070
34859
31164
31162
33034
31825
33763
33805
31647
33711
31175
33715
27649
33553
32355
32359
33563
31593
31461
31075
31699
31923
32257
31589
32065
16583
24981
34706
24958
31916
16659
31554
31111
24595
31762
31192
34080
33308
24522
31182
31356
33934
31708
24568
33346
29351
33400
31584
28078
28067
33942
24900
17514
34541
33937
33462
29624
31017
33369
24914
31930
31548
33727
32260
30104
30628
24580
24534
32547
31259
33314
24813
34612
31021
33258
33713
31091
31275
34798
23846
31188
23965
29850
24370
29870
25170
34844
30624
31211
30293
31755
32327
34582
33103
34029
24312
27648
27636
27624
31550
30243
24066
34875
31143
29882
25086
31173
34422
31661
32063
31293
33975
26509
31487
24585
24351
32021
34565
33005
31055
30871
32306
31156
33362
31060
33804
33176
33460
31023
32365
31257
32277
31747
33383
33167
31172
31031
32571
32538
33320
25007
29980
23917
34363
25131
31373
16533
31267
30309
31727
24889
20207
31932
31033
31149
24589
31098
31667
24868
30153
31678
33220
30725
32488
29954
24960
30242
33238
31531
28006
31207
28029
26219
33039
17769
26621
33025
33417
33735
19237
16923
25169
29100
31660
33272
26152
32560
32230
24653
17254
31290
31048
25960
29648
32386
31016
34562
33628
31081
31889
29609
27625
34803
25059
29631
33919
33773
33777
24979
31555
29591
33405
31717
33669
32581
33045
29352
32816
28875
33924
33073
25041
22099
22135
31605
32337
32364
28041
33264
31953
27262
32474
32240
32837
33707
34578
32777
33058
34740
28056
17529
32621
24677
28333
30646
24422
30284
27706
17207
26680
30333
30569
16503
30185
31202
20195
31635
30012
24004
26130
33228
31394
30184
31032
28678
27868
17267
28024
30584
24471
28397
29783
28021
30868
32879
31203
30328
17418
33024
33247
29947
29885
24616
31150
31004
16936
22100
30015
24662
33172
30827
29900
30396
27742
30572
30044
30526
32884
32899
26037
24501
29301
31209
17506
24934
31106
24989
25938
34516
24839
24495
30339
31636
30183
24692
33800
28192
31110
29156
30138
33224
32954
16998
33420
31223
33156
29978
19223
26644
32418
30394
29578
28000
27824
26558
31122
28091
33938
31880
32226
32908
29666
30552
32392
24984
15970
28552
28555
25074
28213
16534
26934
16294
28366
30486
32672
28925
27876
19374
16538
17277
17265
29284
26000
17834
29258
17458
27408
25098
33642
16170
16157
16146
28756
33535
27798
28140
27736
17080
28778
17685
24963
16576
31438
30840
29435
34631
28794
33579
28696
27394
16908
34580
26727
28823
34649
16522
27657
16484
29390
17549
32803
16648
24698
31789
33870
29425
30154
30148
29218
31249
16953
26146
27340
34812
28464
15905
34772
33562
31956
24846
16101
33584
28648
34536
26329
27322
27180
28380
24538
24074
29593
31619
30288
28654
27651
29634
31907
30771
25078
25933
34572
31423
26662
28519
26659
26647
32942
23817
26581
30395
33526
31894
16950
33570
26944
31470
17682
16898
31936
29124
29135
17740
24341
26922
24741
16280
34574
29585
17433
34769
32929
17187
34817
26886
34129
23857
33807
27326
16801
29186
32041
30437
28623
32623
30131
27159
34013
31799
32005
30068
16523
28388
17387
27859
16291
28729
30857
16717
33694
27141
32444
27609
26437
16741
17492
28023
31748
31409
16715
17290
27774
29251
34608
26569
29426
26446
29447
26706
28434
26379
26380
17219
33950
28090
32281
25066
16645
29863
27233
17436
32607
27115
26952
27045
27333
30812
33199
27745
27412
29271
28199
27104
28086
28446
15888
24717
20166
31546
27576
27610
27560
31426
27575
31544
26565
26588
26562
30106
26566
15887
24230
27722
33591
28557
29842
17822
16591
31745
31666
29581
30695
28047
17522
29854
33154
26464
26452
16066
28617
25084
24444
19364
29580
27432
26412
29239
30780
27992
27464
26936
30261
31633
31595
26447
29211
32542
33740
31551
32095
26973
28412
33931
33541
31673
33401
27835
29883
34617
32231
27965
29424
34531
34564
32421
26627
34717
31649
27414
26646
26455
26453
25159
30504
32909
34611
34606
29516
15981
26013
27898
29229
34594
17070
24518
25015
25021
30524
33865
34558
32566
23860
32804
30149
26423
17202
31079
25953
32850
25189
24469
33785
30711
30573
30531
30713
28093
16646
27863
30240
28373
16041
16073
32799
32822
16091
32580
16080
16122
16081
17072
31083
16456
30998
16022
16024
29304
27240
30568
30302
32912
27194
16125
16059
34746
25039
17412
32486
16118
32534
25966
31695
30841
34711
16392
17899
27676
27653
25961
24409
26434
29158
16871
30663
26575
32999
16831
29933
34758
32118
24299
28707
16661
26353
16131
32298
17296
32191
17855
28739
16274
29655
31283
17785
33864
31906
33696
24406
17499
30514
26955
26905
32307
26990
17796
31681
25944
28370
33028
30212
34500
32406
31665
33697
15965
31145
26339
26328
27406
17694
16920
32212
31242
32442
31682
27268
31441
29477
15933
28493
24942
16447
27304
16794
30860
34001
31830
31385
27879
30862
27880
27670
30095
28949
17159
27869
27558
27557
17077
34873
24061
26159
16562
16556
34765
34751
26439
34888
26463
31386
26480
30764
16565
31725
28344
16579
34705
25122
29275
29264
31244
24302
24701
16992
17414
29096
29891
34528
30045
30033
28633
24297
30459
24392
32645
26559
16083
16968
29537
17701
28731
28753
16810
27713
17215
24050
24025
20243
20245
34880
24086
27241
24421
17836
32270
34734
34286
25987
34274
31781
22081
24844
28573
15951
32289
24705
26532
30150
27423
28361
16943
26883
26666
34879
24080
34731
31204
30530
20162
24477
30196
32294
32618
29227
26145
32768
26962
15919
31367
30939
16987
31285
31968
27886
16937
27906
16707
17516
17144
27639
24240
30048
28952
16318
27251
24441
28475
15917
29216
16766
27275
27007
32034
34038
16005
30065
27253
17840
28520
27821
27699
24581
31687
30344
26210
17174
27277
16768
34542
34666
28348
16979
23875
34808
25178
32415
32958
34603
17653
33311
29633
31557
28505
33871
33827
30093
26009
27674
30297
31656
34766
29342
34687
34267
30765
30216
25125
31366
34780
34653
29686
16060
28610
24775
34439
17860
16521
34619
30258
27395
26090
25147
31815
24068
30111
17482
27997
30669
30272
17236
27727
26884
31519
34533
16543
31838
24432
24220
34739
26091
31471
30742
23945
29710
24205
23872
34805
34783
34869
24049
27976
27269
16755
26929
16289
24015
31813
31732
27314
30016
17316
34829
23929
17112
16622
27196
27182
31047
25042
31241
34897
27506
24703
34830
23930
34840
23954
24210
31382
31380
27945
34778
23852
23837
34543
34659
24342
24739
29868
34506
31509
25075
16511
23882
17824
34743
17444
17873
17012
31377
31364
19377
23869
23845
32318
34785
33101
24027
33571
24452
17467
23958
17107
28413
17861
27577
17095
34906
23833
29098
34682
24389
34804
34770
23871
24704
23834
23881
31419
24488
27854
34735
16537
29263
24207
31456
15949
15883
24030
17872
30528
16633
34821
23907
23992
16849
16749
34624
28863
23824
34672
34788
32706
33263
31576
24463
30525
27453
24350
17705
17716
16746
24753
28989
32825
24968
24689
28803
26949
27118
17362
27833
33357
28844
27825
32593
28690
32555
16149
31704
29219
29217
26317
32393
33166
17831
27929
29948
28451
15891
31981
17672
16887
29623
28508
17902
27718
16020
31396
27872
17396
28323
17261
33476
30536
17850
16832
17637
30640
30547
27808
28677
17669
31114
32863
34657
32557
19381
28401
15841
29723
29484
28624
32381
17798
34674
33822
30879
26012
34700
29892
29347
28814
29659
24840
26015
31669
27205
16439
28087
30209
26448
34655
26537
29598
28347
17681
16897
31049
28540
31019
33705
33418
32690
32258
29820
31015
17777
16314
28880
27425
24041
34867
16948
27936
34680
28218
31693
24348
30560
33051
33467
30541
29389
27807
30759
29413
30187
29152
28715
29140
17286
28717
17050
24825
27006
26989
17783
24823
28194
16517
17091
31176
29300
27537
17058
32121
16476
30643
29131
24464
27712
17216
28449
32711
29175
29876
25986
16460
33768
28453
32704
34662
34643
24913
31898
28220
16629
16984
15879
28486
15878
32346
32291
27339
34763
31723
26226
30558
32955
17318
30982
31024
31328
30986
28924
32272
27325
16424
31831
27020
26121
30660
31439
27160
28042
17157
17509
16926
29250
34546
24725
31011
17801
15943
28580
27016
27004
27261
27129
16559
30142
26147
24870
26010
30608
34607
23909
24855
30119
30897
29321
34760
29816
24769
17043
27524
27523
17634
24636
32316
30360
27285
16765
27273
34901
29238
16951
17654
24730
28191
28215
16605
16805
34728
27361
17399
31670
24798
32285
26980
27132
17815
33605
16996
28135
25928
24258
28381
17220
24817
28559
15964
31577
31383
30421
31433
28503
31572
31029
30067
28675
32483
28015
17497
17846
24933
29249
29771
26221
16775
24715
24382
28186
24771
16451
25975
31448
29357
27329
27317
25009
24716
25055
27762
15997
27617
27584
17126
16600
31618
30176
27439
16960
30317
30330
17109
27595
30348
31080
32091
31440
28711
16376
28921
17352
24420
17951
27387
16894
17678
26888
24238
30390
29652
28781
16803
28940
17209
26609
28386
17803
27019
31436
30870
17545
17807
26964
26963
32274
27054
33911
27171
17825
34510
31822
16282
30124
28337
33549
15942
15910
17909
24303
28422
15861
32245
16697
29526
28710
29538
32532
24410
16878
26022
25992
29170
29230
27071
16482
27677
17229
27556
17063
27555
17075
29608
29586
15886
27351
34835
23944
30157
16292
27856
17384
31189
24959
29205
29247
27928
16721
34889
16740
24737
27278
17636
30040
31517
16303
27290
31432
17046
30343
15941
27234
15954
28572
17808
27497
27485
24736
27056
26981
31574
27479
27526
29835
24542
24758
27284
16772
30010
30013
26204
16804
16664
27940
24481
16915
24404
17149
34790
23826
17198
30122
31331
30060
28528
27046
31592
27765
33049
29902
25234
24794
17526
28052
24713
27310
31446
30319
24651
31468
30427
29645
26163
34699
24749
16855
30983
34590
29640
24940
29597
24795
17722
29382
30861
27702
28013
24710
24902
34861
24014
34768
27283
31565
16009
28842
16311
27106
16531
24949
24490
27714
24575
31579
27330
30419
28759
16623
31427
31313
28549
31425
24197
28669
27866
24857
24496
31428
27531
17055
27935
29305
27924
34690
24514
26948
16309
24978
15936
26982
17781
31824
26623
30215
16672
31384
17707
27050
16463
26637
26636
17439
26598
34767
28838
24805
24286
31379
28562
26502
26597
29739
24201
31561
28595
27348
16876
27433
31410
16954
34878
17874
24079
34850
23978
32684
24719
27737
17906
30917
24656
27049
15940
28581
24721
16787
24723
24610
26950
26933
16312
28358
28346
28167
24774
16382
17060
17059
17313
30334
24285
29897
30657
28990
28978
27911
24826
16711
28872
17343
27496
27820
17919
24776
28988
16528
24288
27095
16504
28534
31443
15993
16587
34771
30282
28640
31420
28957
16561
30898
17123
17691
28494
24827
17805
16731
24832
28881
29890
29777
28206
16555
16448
27280
16770
24907
25057
19325
16825
16480
34686
27069
16668
32475
17615
16621
30949
27327
17852
17826
23858
34801
34860
24009
15893
27465
17714
16991
26587
33040
16469
28074
31407
27057
24756
17258
27452
29176
29165
30814
24786
31465
31037
34524
27083
28801
17606
16599
26370
34715
29610
29588
34718
34697
28837
17730
30905
30865
31733
31104
28679
24711
28185
16449
26191
24734
29455
16730
16663
27203
27192
27154
25967
26505
32028
15945
27416
16938
28738
16566
27008
27313
29834
27602
17111
27189
16635
30378
32699
24362
31329
30749
28726
17256
29276
29889
30188
16835
31642
31663
25105
17326
28058
27549
17795
17069
26998
17548
30831
34902
16752
30543
29288
31452
24584
32242
30283
15895
24816
28454
27884
28601
31675
29330
25921
29190
24384
28550
15976
29420
31046
17442
25092
33743
28649
30322
17821
27347
16852
34789
23825
27218
17833
28158
16357
30024
17217
34609
27743
24735
24324
17381
17731
27850
16709
27851
32177
27238
27701
17200
29781
30534
30591
16977
27246
30279
30117
17232
17853
16031
28497
27331
30866
28357
26570
16670
28345
31213
17641
33014
24992
30555
24500
29383
17176
34823
23910
23815
32896
27353
16529
16003
27137
27335
27105
28524
27300
17844
31395
31199
29188
15894
34827
16850
24231
26174
34774
26096
27741
27358
16867
17927
30566
30313
31460
29573
29572
27448
16971
29592
24413
30989
24280
28097
16975
24412
27418
27810
28651
17911
27372
24562
16882
28363
28351
28652
16103
31712
29292
33771
26692
34651
32012
30364
30057
17820
29994
32930
32932
32914
27231
24785
29191
17071
23916
34825
16258
26635
24848
32000
16120
16121
28668
27067
33874
31232
26202
24693
30929
34534
31689
30140
17591
16513
30945
28193
32042
16575
34834
28492
15934
31414
27655
29459
33108
17370
30195
31840
28016
17498
31770
17702
31074
32602
31634
32142
33364
33801
32530
24874
32586
27966
28019
28818
30102
25120
28839
17929
28981
17366
30372
27816
17340
31578
33726
32414
33201
33888
27613
17720
28885
17335
33956
24987
17088
32071
32663
30477
27805
17323
31638
27930
17168
27668
26104
30373
27566
17849
28722
27318
24032
34866
28046
24835
17312
27530
17064
27541
34723
16568
27235
27135
26124
26603
26602
29768
24532
16862
31802
22151
34579
27178
16613
32545
24301
31245
30112
30921
26069
33164
24888
30642
24544
25193
25062
31988
31056
24598
31794
31096
22128
30944
32796
31816
30094
31602
24851
31705
31692
31230
30716
24507
34679
34522
33922
34684
34727
34905
34586
30636
34599
31590
24842
33824
17307
31566
29887
31050
31710
31672
31043
27119
16544
31053
33514
29119
25099
24319
34436
28631
30072
29166
29142
29314
31036
31040
24374
26665
17079
27500
24875
20247
20239
20238
24005
29855
32343
28784
28968
28980
31774
30523
29899
32349
34671
30863
29976
24833
24761
31416
16942
31458
27109
27030
29340
32233
29133
29791
16874
34457
27260
24856
22130
31796
31792
16346
34610
31832
28671
27996
17481
24961
30500
27094
17627
16700
28887
27088
32356
32193
24674
25162
26935
27282
34777
29536
28741
34750
16742
34910
31570
34678
27363
27142
33876
16564
27476
29149
29125
28394
28393
27650
17154
26601
32261
17863
28324
17266
27397
30442
32628
30755
27751
31422
32334
31231
24502
32363
27162
31442
26608
26149
34806
23873
31697
30620
34836
23946
16327
31451
28376
32329
33196
25926
32727
28055
16643
27641
17897
30331
17625
16698
27176
31457
28514
24712
28465
30238
15908
28452
24946
30050
17674
16889
17115
28137
26946
33840
32054
26586
31200
32747
19351
17010
17011
28806
31221
31671
31604
27542
16733
33288
34625
26988
17887
16377
32347
27190
24726
27776
24815
28951
17341
25152
33920
32295
17255
27748
17930
24866
34882
24090
24830
15900
27794
27005
17918
34215
34046
31564
28339
16378
24853
32205
32275
24439
33760
16706
28488
15929
34856
24000
33700
34124
31562
31560
28207
24472
28195
16571
16474
30032
31408
27061
27398
17862
24760
28155
16880
27370
26974
27386
17680
30367
27369
17859
32516
26943
16302
26052
33780
26553
34819
23902
33068
27344
33004
29925
29508
28612
28594
29569
29243
31179
32732
17423
34720
23822
34787
26203
24748
15971
24784
16719
27999
17483
34647
26641
28149
16102
16100
16586
32333
34688
24876
28211
24788
30234
30542
17246
28970
34628
31844
17086
27383
28073
17541
27729
28627
24448
31374
33858
29214
16443
17484
30967
34570
31643
32305
15849
30162
28721
32506
27039
15979
15973
34695
28011
17494
25248
32716
32187
16607
17608
28635
28438
25936
31447
32697
33716
33184
28904
31571
30891
16373
33542
29273
24539
26360
30817
27017
17802
27608
26515
31462
28496
16030
26003
15948
28574
31124
28374
16686
28518
16006
16366
28002
16708
16631
32869
28221
33683
29793
32308
16748
28160
16363
27116
33998
33672
20184
31965
30074
28809
17393
30779
32051
16624
31429
17117
34488
20178
30811
17939
27904
33921
28094
16738
33148
31746
17181
31559
27682
27324
24994
26622
33926
27158
27146
16590
32052
33160
32398
25040
34547
32135
29235
16666
28490
28466
15935
28491
27768
24746
31885
32965
16467
24863
27662
17163
30031
17584
17717
31481
26119
31715
29932
31601
33044
17332
17891
27619
31969
28354
29423
33984
22163
34108
34244
33026
34899
17733
30580
24281
32186
25130
30828
25949
25226
29232
24504
30191
26084
34148
16614
24729
22122
24527
30668
24930
16899
27389
17683
25999
19324
17881
26919
26907
27025
28079
28068
26105
29813
24364
22144
31801
22096
26214
19366
33774
30918
24403
24195
33107
33446
24305
16057
16143
16033
17148
16367
16458
31406
27044
27889
32681
27429
31921
24911
27422
29163
26162
32812
19283
17359
16573
26082
27644
27726
29944
33063
29178
17297
27781
27883
33545
17403
31147
29266
24325
17411
31983
30075
33550
17763
34898
17656
16807
26200
24953
24326
32979
32048
27864
28379
27998
28942
31320
32340
28396
16669
31744
25013
30250
30062
24349
24759
28005
17489
33072
26171
24860
27076
17640
27301
27289
19236
33692
17120
28448
15889
16428
28984
17587
30600
19228
17357
28708
16395
17806
27065
27053
17818
29233
31793
22124
29108
32497
31998
26173
28371
17310
27796
24390
24295
16175
16163
19222
24883
29911
30186
24834
30888
24356
29967
17178
27678
26209
17518
16049
19326
33200
33225
16051
26596
26594
32605
16305
22103
23948
31486
33241
34871
33757
22141
33695
33447
33465
28772
16098
17221
33685
16507
25087
34021
33575
28551
33905
33831
25048
23893
34450
26129
17677
25113
16893
28855
25222
25245
26407
19308
19316
19314
31484
27362
34745
27036
27096
24266
19334
16446
24548
31949
30289
31580
32304
25115
19221
26134
26011
25045
24890
24475
33766
29185
29189
30198
33032
30206
30207
24323
19292
32874
24335
25077
24246
16690
24366
34490
22095
22149
31219
29286
31190
34133
26945
17766
24891
24922
34571
22094
22146
33974
17355
32944
28694
34334
34248
32856
31686
24831
30259
25158
33962
30239
26574
32288
28018
25238
17500
24423
25205
24425
24915
17372
24442
31194
28737
26250
31372
33424
34776
25104
16961
28777
24267
16454
24244
33501
30326
27987
17364
28383
25237
32259
19282
24232
28967
17679
31352
28700
25065
30199
24587
24676
25010
27561
30856
24754
17081
17480
32847
26390
24937
29776
19362
16833
24401
19315
29653
32163
32698
24920
27716
26525
28697
17349
30125
28843
33976
22110
24540
19244
28567
15957
29761
28958
16567
32529
26077
31910
24773
28896
17645
33991
19375
16593
33082
17934
16173
31510
33973
22092
34056
24435
32410
33109
29480
24373
29385
19309
30370
30365
32223
26516
19348
26442
19346
26454
22118
17774
19253
17227
27719
19213
31389
30237
19286
24340
16678
31500
19262
34037
24250
24649
25028
28644
19390
16096
34420
27018
16423
26400
32303
28536
27565
27553
15987
31952
31296
15902
28461
24456
28873
16429
19234
16947
16870
29174
34641
24311
32744
24334
19227
32928
19225
34374
23963
31469
28684
24821
19271
16140
19219
27384
24899
24416
17231
32527
28163
24791
16370
30136
24777
28003
19336
17487
30594
30618
29847
34101
28858
27605
17886
16696
24763
32013
30413
25124
30601
25963
31785
22090
32271
16851
22164
31808
34137
22089
30563
17406
33520
24245
27891
17166
27665
24296
33013
25149
34399
16553
17597
32616
27123
31685
24558
30047
17742
27990
24727
30347
28001
34729
17485
28597
19203
19298
19256
16044
33556
24497
34063
27640
24239
19373
19327
28197
16527
28531
19386
17804
28178
31787
22102
25012
27766
27573
27587
27585
28325
17273
27764
17280
17241
33585
26940
27731
24394
17711
27415
24396
16988
17262
24489
27841
27842
19356
33554
27853
27730
24700
27952
27939
17738
32312
32218
33594
32317
34169
32656
19340
30470
24457
28004
17488
29570
33018
24458
25034
27399
16913
32180
17248
27172
30041
24549
24609
33832
23836
24944
24867
17502
25014
28022
33583
24233
27832
17923
17360
32023
24289
31388
24897
32025
24391
28689
16148
24293
27989
17476
34330
25179
25181
25180
34352
23866
30371
31153
17523
28048
34103
34042
33856
28976
34146
27237
19249
29942
31795
22129
26372
24270
16796
27306
24792
24837
25160
30575
24309
29832
16164
28699
24298
24990
24378
27983
31957
29836
17473
24387
30699
25101
24732
34538
17250
27740
32558
32203
33748
30550
19305
25082
34074
24577
19317
34630
25153
26078
16509
28820
24969
27704
30415
26725
30355
27091
27112
27124
16499
29930
32092
34318
27217
17832
19330
28682
34306
34311
30299
32332
33053
16595
34119
25050
31674
34043
31316
34102
24336
24355
32448
30881
34545
33468
19310
31542
24241
25006
24812
29118
24948
16279
26921
28926
19233
28474
30589
15916
15921
26356
26357
34621
26039
16089
24637
28639
28638
26941
28467
34815
23890
33329
24525
24338
17185
27686
16610
30431
19239
28216
24559
27545
17066
25052
30249
29824
19202
25038
19353
29861
25097
19285
23977
27705
30035
27831
17358
24443
27838
27839
32008
24588
24329
24512
24929
24503
17061
24574
19297
32594
24252
24354
19273
24291
28826
16516
20197
24877
29806
24881
24924
24537
32886
32094
32512
24304
17734
32696
27822
24315
30922
32956
30231
26657
24476
29895
24415
24582
26416
34719
24996
32987
30923
32076
32323
31587
29811
25069
27292
17611
16677
28917
30375
32129
26227
30165
26634
17151
27647
29822
24361
24337
30724
29804
19279
24991
31651
24376
25246
19321
24264
17671
27680
16886
27379
27378
27673
24307
29136
24882
30276
34694
24436
28591
26535
24429
19268
30113
17496
25126
29912
19365
25036
32967
19252
32004
19254
26385
28423
24738
24265
15864
32171
24480
19312
28937
17369
34478
17333
16288
26976
16359
31933
34779
30878
32182
19384
26913
24510
31931
28372
24822
24492
16654
24256
30458
24971
32319
15925
26004
16438
30651
24885
24744
17519
23973
30257
30353
33095
24359
32570
24898
29650
26512
32756
24918
24666
24921
24854
24485
32081
30311
25103
23855
24554
23827
34341
19257
16535
17692
24386
19392
32752
29150
27681
17180
29775
29858
33892
24928
32477
19246
19277
17354
28929
24372
19232
24927
33929
24491
25049
24869
22085
34865
24654
30886
30255
28713
24419
17260
24437
20177
24438
20205
34371
23947
24909
30379
24536
30381
34693
32344
17810
33023
31842
30408
30002
25127
24916
27462
17710
29646
24926
31807
22162
30825
27341
33932
30727
17854
33559
34369
34011
23937
25228
17363
17924
19241
24901
24251
24426
25148
26361
19370
23859
34350
16299
26663
26660
17239
34314
27840
19333
27032
34404
17723
22117
25029
24680
25225
34406
16488
27079
19369
24194
28369
25227
28484
15927
19349
16965
34320
33236
31688
31368
16084
24545
32517
17337
19258
24407
24865
24880
26582
26547
30147
31543
34509
31473
24858
33255
31994
33047
27901
29805
31549
24824
24418
16934
26060
28188
16471
26169
27793
23839
17779
33557
19281
26995
26999
17790
28752
16390
17828
28172
28763
16606
28761
26185
24910
16052
28605
32440
32102
29802
17294
27604
17113
27580
34759
17118
24424
26431
29708
32010
30626
29913
24567
15843
31463
28399
29122
29121
16316
17350
24976
32148
32086
27201
34616
16660
16756
16720
17857
16823
34507
32604
15974
33714
16691
24206
29312
16541
31963
34456
27212
27120
16545
19265
26975
26469
29437
33833
31467
26604
29343
24847
28653
28477
17317
17690
16906
27538
27539
17643
17727
34453
19260
34407
17272
30919
30314
17443
29801
24967
24954
34683
28619
16069
32514
33070
31148
26697
28611
24820
19385
33581
25978
34421
28537
27224
31218
31652
29143
33463
31291
28183
29151
27724
25220
30448
32634
28835
32227
27544
28360
27533
17878
24906
34670
34583
34261
16409
33915
17330
29735
26523
19261
27031
16546
16435
25957
24699
27027
27026
24650
24026
34864
28901
16580
16581
32784
17726
24767
28162
27834
16501
26113
27844
27763
28150
17912
26074
23810
28427
15869
32637
30451
28620
24445
30006
29281
34434
17420
16431
27023
33746
33742
32736
30880
28914
16457
30532
32934
24333
17264
27991
17478
28608
31722
34095
34073
29201
28432
27272
25956
32189
28740
17263
27015
16762
16625
28349
28362
27131
24752
28350
28939
28587
19350
26580
27749
27783
17300
27752
17016
31814
27421
16940
24524
24254
20240
29129
25187
32662
31938
24983
27427
16945
26719
26904
34357
23896
33113
17348
30203
24400
24884
17122
23970
29612
34764
24695
29295
33587
24778
28930
24550
17173
17435
32670
30484
16829
29116
16588
26024
26154
26991
16976
26201
17240
16949
29574
34757
27993
16891
29495
27579
29518
16255
29146
26108
30472
34904
17145
23987
29605
29606
24057
34388
24790
17303
27787
28200
16589
17033
16699
17626
29375
29356
17434
17600
24276
24908
34708
26401
26576
27493
27467
16993
30702
24440
31526
17288
26315
16113
17890
17184
27550
17374
34552
29113
29337
27887
26994
16402
27002
25196
16508
32185
32484
24828
28626
26590
26589
31573
16076
16074
25025
16547
26698
16491
28688
28650
27276
16386
34519
26313
26307
30118
27232
28368
31357
16797
32195
27568
28223
16636
30834
24768
16611
28343
24724
16506
25089
24782
28622
27128
17813
27177
27451
29496
16974
16973
31449
26223
24631
28435
24742
16426
26474
26475
16822
26408
26409
28410
15850
32654
28398
30468
17042
27519
23950
17082
24417
26340
17950
26312
16151
28691
26007
28646
34136
16028
17812
27122
29453
31430
27597
27596
29418
26476
28441
15882
27256
17841
15931
16767
17633
16861
24802
31528
31503
26899
17576
29421
16838
19243
28969
16924
27200
34761
28987
16398
19267
28986
27660
17160
34886
24829
24499
28424
15866
30358
30123
26544
17787
26554
26993
27769
27734
24757
16552
26484
26472
28326
17279
26487
27490
27478
17871
26488
26986
26517
26987
16841
28950
17346
26451
17014
26723
26735
34389
30416
17547
30842
28082
16430
28180
31216
26462
26461
34324
34097
34164
24531
28405
15847
33767
28169
28776
32322
23874
34807
34086
22113
25128
34106
34098
27484
26560
27472
27942
17945
27954
29315
26972
26533
16877
27297
16092
29179
25974
26314
26932
27100
17765
26931
33546
26020
16754
31398
28725
28436
15968
29222
27267
16868
29577
31575
27149
29636
27567
26026
26025
26087
15885
34418
26924
17865
32646
28849
17698
16944
29780
27958
25109
24642
30151
29221
27029
24720
29209
26115
24807
28421
15862
27455
17703
16048
26036
17108
26399
29325
30388
27274
34226
16161
16046
31845
16959
16927
33708
29622
33480
28426
27022
16248
16442
24845
28596
16763
27520
26571
26500
26387
26722
16512
27077
34294
24273
27098
17590
28755
31421
17449
27947
34308
27559
27572
27571
17078
26901
19329
17351
17299
27784
34762
28750
16403
27211
24268
32659
27892
27860
28719
17650
16816
29345
17007
28869
19352
27487
17015
17053
17024
17347
27589
27356
16865
15932
28489
26614
16465
27052
27223
16673
17331
27413
16932
17942
17469
16983
27456
17706
29167
17877
26103
24487
34236
34818
23898
29542
24722
27843
26896
26895
27956
16257
23895
23921
34365
24211
24094
17914
17048
26585
28850
30959
26546
26545
16126
26700
29272
30439
27885
19337
32625
27463
25182
19338
32626
30440
24399
15955
30481
32614
32667
25151
34464
19342
24007
27468
17713
16990
28599
24405
28390
28932
17223
28655
29600
17543
28076
28770
17334
19368
17915
28674
17842
27296
28564
27157
27093
34395
26123
19347
16137
27509
28556
29183
26205
28847
16674
26102
28754
29575
17913
16021
28506
28342
27847
16687
27220
19335
34401
27221
28692
28874
26717
26715
27510
17305
27788
24072
34876
28685
19331
27499
16732
16016
19379
23952
17791
19361
27270
34257
27291
19391
27592
16761
27359
27040
17276
26112
17838
29093
34273
29446
27857
16296
24783
19376
28586
16034
30479
19341
32665
27732
28385
26958
26445
17905
26440
26438
17235
25112
22176
31820
17471
33293
34224
31835
15851
34426
16848
17663
17586
25980
28909
17793
31334
16626
31563
27366
32128
17234
24395
24433
28516
16010
19311
27693
28382
30380
17213
30548
16916
25192
30428
17811
27460
16956
17194
23923
34366
30761
30785
16820
24925
33958
27107
29419
17786
24613
26992
26951
17761
24520
25932
32266
15990
15950
16946
26366
16739
28034
17512
28634
16086
17816
15958
26466
26467
17670
16885
27293
17644
16837
24718
27197
17614
16656
32760
28746
17373
17274
26023
33765
28810
15939
28582
32491
17405
16105
22171
19354
20170
31804
22155
19264
33806
34652
16827
30498
34392
24084
24462
24932
29381
27995
28321
16637
28224
19320
24904
24468
27374
19238
17218
28979
20198
29401
24694
24669
33573
16284
28338
27747
17271
27758
32297
27445
28075
17344
16866
28196
16520
29291
27082
17579
27302
27155
27444
17867
27179
27986
28766
17624
15944
28578
16958
34022
29223
17651
17835
25951
17124
16045
16657
28973
16432
24728
28727
16846
27409
16928
27658
24290
24511
24697
26118
17278
16371
26673
24526
34398
32018
32408
34824
34358
23900
32961
26489
17146
24919
17709
24780
15903
26473
26541
26485
16760
24081
34390
19389
19380
27447
16972
27226
26486
26579
26529
16967
34218
25174
16811
30377
28902
17659
29094
31253
30037
30731
26133
30256
34486
29378
27988
23819
25172
24859
31515
26501
28664
16116
32489
29831
32422
24615
29782
30143
19220
34138
26577
26207
29843
27563
17083
27564
34339
23821
27431
27248
16722
34316
34618
33437
31759
30211
29853
30822
28478
32335
26114
25116
25076
29788
25085
24938
33829
29769
24203
34121
28417
32251
34207
19235
34380
23985
24772
28554
29639
25165
28615
34087
23862
34268
30752
23888
34295
33830
24956
27628
27728
15875
24271
28433
15906
16179
24398
27434
32338
17866
16526
25001
17161
27661
32785
17452
32669
17228
29236
34855
32635
30449
16994
17005
32671
30485
34044
23989
34814
23884
30487
32673
15988
27316
17848
27951
28084
16869
28771
17510
27492
27480
28706
26606
26605
26593
34417
28538
23996
27130
17599
26064
16560
25195
27393
30193
22084
27590
22160
31805
32119
27345
26906
16267
29543
34174
32770
31989
29329
30027
27767
28070
17718
33548
17008
17904
33720
26555
34423
33219
31556
32561
28341
29197
15909
33779
28602
16050
28971
17302
33758
30882
31829
26373
33914
32758
24943
33152
24941
32224
33568
28430
27666
31911
32437
16792
16970
29587
16475
28189
24408
32810
17839
33310
26625
31786
22093
29862
30312
29182
26920
17926
17192
27690
30650
26211
33588
33744
31676
24998
23844
28734
29828
31215
30077
33710
27074
31464
31709
28705
16550
34181
28972
28960
16758
17941
16925
27430
17772
17675
28830
16890
30830
34152
27583
29644
28148
16317
33698
17917
24985
27771
33595
27376
26156
34166
17903
27720
17177
28204
17596
16548
17595
15996
28529
16986
28792
15901
28460
31506
30951
31454
26550
27303
16786
27723
17230
34160
34150
29511
31508
31453
34465
16027
28414
15855
28966
15848
28407
16718
29224
24253
32480
31041
16012
27360
33577
28547
15977
25230
17222
33894
30133
28498
17895
16029
16000
17893
32404
32783
23942
17056
33271
34242
32395
33561
26549
26573
26561
26693
31445
33085
33810
32775
26199
26198
34725
33475
33885
33093
34566
17242
16714
27243
28456
17592
33880
28480
15924
16551
29607
16374
28176
28164
26557
27933
27934
16941
16750
32293
17428
28913
24809
26460
16957
27436
34849
23976
31168
27806
17322
17000
16338
27812
27346
29406
27543
28179
16420
16473
29960
26449
23986
28576
17823
15947
26094
28322
17259
17140
27635
27612
27969
27435
15989
17712
26458
17158
26496
33333
27927
28714
24765
31737
29103
28219
27631
27562
17708
27458
24796
16985
24377
24321
29596
29092
25188
17676
27446
16369
30930
27334
26960
24278
24279
30190
29168
24506
28876
16601
26208
15859
34870
28419
24819
24051
16662
17770
16334
27554
32190
27522
17044
27402
27786
28728
27245
17837
33593
33106
31736
26885
16244
31142
15907
16769
26519
27772
16802
29485
16417
24696
27779
16859
24966
28604
33952
32919
30605
28526
19382
25993
28588
17249
27739
31501
29903
24945
27417
16935
28886
16464
17589
26418
17604
27165
27944
28856
28802
29112
28603
24762
16864
17908
25167
32490
16136
24561
16042
33851
26551
32655
19339
16320
24779
16307
27337
28585
32430
31594
16736
25209
24750
26983
16489
26540
27078
26539
28959
16724
31821
22132
16858
24787
26521
15980
16929
27126
16557
27097
34437
17196
31728
28481
26531
24691
33719
32374
17607
28660
16111
26072
26642
16872
26970
28210
16584
17602
19388
28532
15992
31537
15983
16293
30401
24260
16308
28852
17744
27970
25977
30641
27410
24483
16856
16138
28681
15953
34344
34135
26107
34291
34909
26670
16978
27888
34756
31507
17632
33564
28665
16119
16425
19378
28922
27815
26459
28340
17817
30346
28038
17515
30406
16847
28768
29530
17544
24380
25026
24814
24806
32192
28927
17179
27603
17114
27910
25939
26006
28762
17868
16995
16966
16773
30174
16040
28593
24781
33126
30540
34228
17214
29943
28977
33664
28613
16061
34895
28440
15881
33086
32401
33841
33999
32589
32493
33631
34775
33907
31764
31569
27735
29213
31797
22131
33945
32647
34007
32733
33703
33817
32503
34753
26997
33493
32299
31734
29494
16881
27338
17925
28751
24388
16364
34532
17116
30701
19344
26224
32975
17520
28045
24871
31818
25023
31007
29194
30966
30066
29363
33050
30051
30386
29812
26246
24850
28943
27405
17782
28795
16180
31424
28570
15956
28916
17338
33578
33994
28182
28790
28166
16381
24470
24999
34201
34229
28173
16393
19332
24367
28859
17646
16789
29808
30630
16275
28145
24679
28870
17521
26522
16931
17298
26619
29909
24486
29987
31731
33128
32420
15892
17493
15890
30478
28408
23811
15852
34336
30852
24603
28910
32657
30471
31180
26350
24731
28584
15937
33237
27922
27629
17136
16109
28658
16019
29199
26711
33544
28507
33547
17647
17875
24766
27508
29422
17426
17292
17304
17475
34269
31812
26021
26234
17655
28742
16806
16436
17424
24216
28805
29377
27975
17210
27710
30634
27846
34090
24789
31971
34266
32411
33295
24601
16912
26176
26184
29603
29449
26178
31186
34455
26538
17773
16018
28509
28862
31703
16281
27893
27368
24644
30350
30874
27305
16793
17845
19343
26421
33912
34782
29139
29310
17233
16481
27070
29320
26714
27202
29117
34034
33506
30821
17534
29260
33551
16572
28098
27955
27967
27979
23941
32613
27638
24566
27694
31478
28470
15913
24764
26584
32592
29428
29766
17577
17780
26979
26414
28332
17327
17794
26402
26996
17814
28720
28375
17594
28956
16104
27981
17728
16440
27110
17588
34588
27139
16574
31338
29104
24063
24564
16726
29338
27548
17474
28853
16725
33427
15928
27721
32003
31482
26716
15899
17345
17324
27147
25959
16845
17528
28636
33788
24344
24226
28387
29657
30463
23991
28900
34505
23812
33368
27287
17429
29807
28530
31767
20185
33890
28889
16276
27133
16129
31541
24199
27525
27102
16514
26977
32631
27081
27080
28171
33626
34271
27601
33408
28662
25208
24632
34560
17649
25190
16799
29682
26188
16609
34791
16095
16300
24317
26425
32588
28625
28033
29616
17125
16038
16817
17392
17394
27332
28560
30904
16453
32485
16824
16053
16065
16705
17247
34716
16791
16790
33590
23931
27108
16619
34466
17800
16070
17437
17486
26106
32980
32880
16598
17132
33158
34592
30887
15871
17598
16088
34523
29448
26048
27633
32745
27785
34454
30306
17204
20209
24593
25217
17004
15846
19255
16930
31924
32986
24528
27294
28812
17003
27191
26229
27167
33322
32814
33168
32246
33452
33838
32302
34189
34178
32183
34220
32577
17311
29571
34032
33366
32494
26930
34144
29184
27672
33074
31780
31018
31298
26228
34070
33511
31897
31057
34167
33116
29090
32211
33799
33903
28527
31279
30130
24467
33223
33075
32795
31778
32434
24986
33178
31567
30376
27009
34512
26470
26471
27403
16902
27390
17686
16558
27127
29819
27309
31679
33482
33629
33868
25173
34615
32515
31985
33993
33057
32751
29955
24523
34003
31302
32068
33276
22168
32924
33989
33990
32463
23957
34373
29817
34480
23830
34360
32250
32238
33732
32228
31800
22140
23966
23922
32122
20176
25022
33750
31926
23904
31966
33935
33496
30519
27941
24965
33665
33985
33988
27163
29535
32237
33755
29441
30063
32997
31779
17339
32603
29671
31477
33909
34197
31171
25083
33853
31769
34041
33457
31749
31877
26701
27279
23983
25081
33469
32691
32693
27047
31987
32761
30411
34177
27085
33633
32563
33601
33077
31977
32085
34525
24482
32600
33813
17771
32143
32137
29625
27103
27183
29457
26161
26552
34585
27959
27819
27227
29332
34449
34591
29647
26195
26695
25935
26694
23971
28429
24995
33901
29259
33033
16905
34613
26325
26371
26383
27087
33081
31735
28561
31935
32685
31167
23999
32519
17593
31123
30397
16919
25051
33259
24997
24893
33860
32652
32286
30000
32200
22091
31714
27161
24861
23997
26543
26542
33798
26518
32423
33866
33354
33312
33738
33292
33646
32830
33162
33906
31718
32824
34448
32522
33518
31280
33936
31076
32080
26158
29875
24747
33304
32492
33844
33848
33946
32748
32358
32950
29670
33132
32550
32222
31518
23935
31521
28645
17613
19387
24611
29095
27777
22172
24478
19231
27443
24950
16135
25979
29202
32037
27578
16071
16154
29091
27311
19215
32782
19296
24248
32370
30248
16658
27199
27117
24474
28377
16671
27466
26563
17001
27489
27477
26564
27000
29384
16400
16329
24402
27424
32679
30246
16094
28985
17764
32836
34667
29770
28609
32165
16133
34810
33423
29672
26985
33268
32686
16737
32413
17195
32787
34709
27697
25198
28443
15884
